60
60
60
60
60
60
60
60
201
39
204
36
120
120
120
72
48
240
60
60
60
60
199
41
197
43
202
38
214
26
120
120
120
83
37
483
60
60
60
60
60
60
60
60
201
39
204
36
120
120
120
72
48
240
60
60
60
60
199
41
218
26
120
120
120
83
37
713
60
60
60
60
445
35
448
32
437
43
240
60
60
60
60
240
196
44
120
120
120
72
48
240
120
120
120
120
184
56
434
46
430
50
426
54
240
60
60
60
60
194
46
192
48
120
120
120
75
45
480
60
60
60
60
60
60
60
60
199
41
240
188
52
240
198
42
189
51
120
120
120
72
48
120
120
120
82
38
120
120
120
78
42
60
60
60
60
60
60
60
60
60
60
60
60
60
60
60
60
195
45
193
47
120
120
120
120
194
46
199
41
120
120
120
75
45
120
120
120
78
42
120
120
120
120
120
60
60
60
60
60
60
60
60
60
60
60
60
60
60
120
60
60
60
60
60
60
60
60
60
60
60
60
60
61
154
49
36
146
49
45
120
120
120
120
140
49
51
152
49
39
120
120
120
70
50
120
60
60
60
60
60
60
60
60
60
60
60
60
60
60
120
60
60
60
60
60
60
60
60
60
60
60
60
60
60
158
49
33
156
49
35
120
120
120
120
157
49
34
148
49
43
120
120
120
73
47
120
120
120
76
44
120
120
120
79
41
190
50
174
66
240
60
60
60
60
480
60
60
60
60
60
60
60
60
480
60
60
60
60
60
60
60
60
180
60
240
190
50
240
193
47
240
189
51
240
192
48
240
181
59
240
191
49
189
51
201
39
206
34
197
43
195
45
207
33
191
49
196
44
240
60
60
60
60
60
60
60
60
188
52
240
60
60
60
60
60
60
60
60
201
39
185
55
120
120
120
68
52
120
120
120
78
42
196
44
194
46
199
41
240
60
60
60
60
60
60
60
60
184
56
240
60
60
60
60
60
60
60
60
197
43
240
60
60
60
60
60
60
60
60
60
60
60
60
60
60
60
60
654
66
240
120
60
60
60
60
60
60
60
60
60
60
60
60
60
60
120
60
60
60
60
60
60
60
60
60
60
60
60
60
60
168
28
44
173
28
39
120
120
120
120
167
28
45
165
28
47
120
120
120
120
120
60
60
60
60
60
60
60
60
60
60
60
60
60
60
120
60
60
60
60
60
60
60
60
60
60
60
60
60
60
178
28
34
162
28
50
120
120
120
120
163
28
49
175
28
37
120
120
120
79
41
120
120
120
68
52
120
120
120
71
49
120
120
120
74
46
120
120
120
77
43
120
75
45
120
87
33
120
71
49
120
69
51
120
81
39
120
72
48
120
70
50
120
68
52
179
28
33
120
120
175
28
37
120
120
185
28
27
120
120
181
28
31
120
120
156
28
56
120
120
173
28
39
120
120
176
28
36
120
120
172
28
40
120
120
154
28
58
120
120
120
120
120
120
120
120
120
120
60
60
60
60
60
60
60
60
60
60
60
60
60
60
60
60
60
60
60
60
60
60
60
60
120
120
120
120
60
60
60
60
60
60
60
60
60
60
60
60
60
60
60
60
60
60
60
60
60
60
60
60
120
120
120
120
60
60
60
60
60
60
60
60
120
120
120
120
60
60
60
60
60
60
60
60
120
120
60
60
60
60
120
120
120
120
60
60
60
60
120
120
120
120
60
60
60
60
120
120
120
120
63
57
63
57
120
120
120
120
60
60
60
60
60
60
60
60
60
60
60
60
60
60
60
60
60
60
60
60
60
60
60
60
60
60
60
60
60
60
60
60
60
60
60
55
5
0
103
57
97
52
123
42
112
47
107
49
126
38
116
49
98
64
104
59
116
49
119
43
118
42
420
47
408
51
474
45
465
60
60
60
60
60
60
60
60
60
60
60
60
60
60
60
60
