60
60
60
60
60
60
60
60
240
240
60
60
60
60
60
60
60
60
480
60
60
60
60
243
60
60
60
60
243
60
60
60
60
60
60
60
60
710
60
60
60
60
244
244
60
60
60
60
60
60
60
60
236
240
63
57
63
57
480
63
57
63
57
240
240
63
57
63
57
63
57
63
57
240
240
240
480
56
64
56
64
488
63
57
63
57
63
57
63
57
234
63
57
63
57
63
57
63
57
238
240
240
240
480
480
56
64
56
64
477
63
57
63
57
63
57
63
57
238
56
64
56
64
257
56
64
56
64
468
220
20
240
209
31
245
56
64
56
64
239
63
57
63
57
63
57
63
57
200
36
240
207
33
246
63
57
63
57
63
57
63
57
234
211
29
240
207
33
240
203
37
240
49
71
49
71
243
49
71
49
71
211
26
240
203
37
222
18
485
63
57
63
57
63
57
63
57
205
30
245
63
57
63
57
63
57
63
57
199
36
245
63
57
63
57
63
57
63
57
199
36
245
63
57
63
57
234
63
57
63
57
246
63
57
63
57
63
57
63
57
211
24
245
63
57
63
57
63
57
63
57
211
24
239
63
57
63
57
63
57
63
57
205
36
240
0
198
42
210
30
0
210
30
216
24
456
24
251
63
57
63
57
189
40
251
63
57
63
57
197
32
243
63
57
63
57
205
32
243
63
57
63
57
197
40
251
63
57
63
57
197
32
216
24
251
63
57
63
57
189
40
251
63
57
63
57
197
32
243
63
57
63
57
237
243
63
57
63
57
236
63
57
63
57
63
57
63
57
480
63
57
63
57
63
57
63
57
241
198
42
251
63
57
63
57
187
42
239
63
57
63
57
63
57
63
57
232
63
57
63
57
63
57
63
57
213
36
240
243
63
57
63
57
488
63
57
63
57
229
678
42
240
192
48
240
480
198
42
444
36
251
63
57
63
57
187
42
251
63
57
63
57
181
48
251
63
57
63
57
187
42
251
63
57
63
57
193
36
198
42
192
48
198
42
204
44
251
63
57
63
57
185
44
251
63
57
63
57
179
50
251
63
57
63
57
179
42
251
63
57
63
57
187
42
204
36
204
36
210
30
247
63
57
63
57
63
57
63
57
233
198
42
0
243
63
57
63
57
189
48
240
240
480
240
240
192
48
0
487
63
57
63
57
63
57
63
57
233
204
36
243
63
57
63
57
232
63
57
63
57
245
240
240
480
192
48
487
63
57
63
57
63
57
63
57
233
247
63
57
63
57
63
57
63
57
484
63
57
63
57
232
63
57
63
57
480
63
57
63
57
195
42
0
204
36
251
63
57
63
57
193
36
235
63
57
63
57
197
48
251
63
57
63
57
187
42
198
42
204
36
235
63
57
63
57
197
48
